0
85
119
159
160
192
1
53
69
92
128
190
2
109
228
229
342
3
189
210
224
274
285
287
4
66
166
172
174
215
362
5
125
162
257
293
406
409
6
197
200
264
289
315
7
178
213
305
329
377
378
8
89
127
139
219
259
351
352
450
511
555
561
569
587
9
50
73
131
132
134
142
156
580
10
102
110
198
203
288
311
11
108
121
123
154
230
347
436
456
479
538
12
94
149
187
188
286
375
13
155
183
241
246
255
345
405
445
472
14
106
118
165
232
324
398
15
55
129
135
141
182
235
297
308
16
220
238
292
334
367
368
17
126
136
236
258
266
349
397
18
152
239
283
312
360
366
19
65
67
103
164
171
176
298
413
20
122
147
194
281
336
364
365
21
50
66
67
102
107
112
124
133
448
484
565
574
22
105
114
216
320
371
392
23
116
186
225
226
250
24
123
129
137
153
179
267
356
454
468
544
548
25
65
155
166
170
185
202
300
319
448
537
579
585
26
65
66
67
103
124
166
172
300
27
50
67
112
132
176
395
423
471
485
541
28
74
100
125
175
227
237
303
437
481
500
525
29
55
95
98
106
113
167
180
306
451
498
532
559
30
85
89
140
151
208
209
324
482
558
569
576
588
31
88
92
108
173
191
218
244
297
431
451
462
532
562
32
109
126
127
157
182
205
206
291
440
468
491
544
33
85
119
159
208
232
324
415
418
34
211
223
310
327
350
412
424
35
55
92
113
135
190
191
297
313
36
161
189
233
249
265
280
414
542
543
563
578
582
37
164
271
294
373
381
417
447
449
553
38
80
88
92
116
128
218
462
39
66
102
107
174
198
275
330
40
53
69
117
165
180
299
306
41
144
199
200
252
278
344
365
432
470
502
504
575
42
131
240
251
261
307
317
404
437
495
500
547
43
111
143
270
282
337
400
461
492
583
44
146
181
184
263
268
340
495
500
525
45
56
74
96
121
148
152
360
439
466
481
533
46
125
162
175
239
261
307
47
126
127
136
206
259
265
414
450
452
491
543
563
48
90
99
221
247
272
341
357
545
571
49
50
102
110
131
133
134
240
391
442
477
560
574
9
21
27
49
50
112
132
133
134
477
484
529
541
580
51
146
226
227
237
257
263
52
122
178
194
212
213
304
378
379
1
40
53
69
80
92
117
128
180
190
276
313
532
54
111
146
181
186
250
270
564
577
15
29
35
55
98
113
135
141
191
297
308
396
451
512
573
45
56
74
100
121
245
347
456
476
481
57
73
122
142
144
147
332
333
365
429
503
522
575
58
94
150
234
264
316
328
59
108
123
129
141
154
173
179
297
454
538
562
573
60
187
267
342
356
383
422
61
96
123
153
188
193
230
286
473
506
515
62
65
155
163
164
170
171
183
294
471
485
549
63
166
185
215
320
385
403
408
64
105
114
202
255
319
402
566
19
25
26
62
65
67
103
124
170
171
176
300
471
485
579
4
21
26
39
66
107
124
166
172
174
275
300
362
448
19
21
26
27
65
67
103
112
124
176
471
484
485
579
68
164
271
298
305
374
376
377
1
40
53
69
180
190
313
70
90
99
149
234
318
354
505
552
556
584
71
203
251
268
293
340
404
72
80
111
116
143
186
276
462
564
583
9
57
73
142
144
156
199
493
502
503
575
580
28
45
56
74
100
152
303
481
533
75
189
195
280
287
339
358
367
582
76
89
95
106
118
151
167
219
324
480
482
511
517
550
559
569
77
85
160
209
238
243
302
343
78
89
139
140
161
195
220
233
334
446
475
535
561
569
79
96
148
150
193
284
316
363
432
504
552
556
572
38
53
72
80
92
116
128
218
276
462
532
81
200
252
281
289
346
365
386
82
109
129
137
182
205
228
235
355
83
210
211
247
273
325
326
410
465
526
542
563
84
109
126
157
229
258
359
372
0
30
33
77
85
119
159
160
192
208
209
302
558
86
221
222
248
336
379
389
399
429
457
513
586
87
192
196
216
411
420
31
38
88
116
186
218
225
244
462
464
8
30
76
78
89
139
140
151
219
569
48
70
90
99
221
248
318
369
470
505
522
531
571
586
91
210
211
223
273
274
407
1
31
35
38
53
80
92
128
190
191
218
313
532
93
100
225
226
227
244
245
464
476
577
12
58
94
149
150
234
286
29
76
95
98
167
219
260
352
511
512
559
45
61
79
96
121
148
193
230
466
506
572
97
189
210
231
236
249
285
325
29
55
95
98
260
396
451
512
559
573
48
70
90
99
341
354
505
571
584
28
56
74
93
100
227
245
476
481
525
577
101
197
278
283
284
315
344
363
10
21
39
49
102
107
110
133
198
242
311
330
565
574
19
26
65
67
103
104
158
242
254
309
353
419
478
508
540
22
64
105
114
196
216
301
371
402
420
566
589
14
29
76
106
115
118
165
167
299
306
398
480
498
21
39
66
102
107
275
330
448
565
574
11
31
59
108
154
173
244
245
347
479
538
562
2
32
82
84
109
157
205
228
229
342
355
359
383
468
10
49
102
110
203
288
311
391
442
574
43
54
72
111
143
186
270
461
462
564
583
21
27
50
67
112
471
484
541
29
35
55
113
180
191
313
451
532
22
64
105
114
202
320
371
392
403
516
566
585
589
106
115
117
143
299
398
400
480
498
550
583
23
38
72
80
88
116
186
225
462
40
53
115
117
143
180
276
299
306
498
532
14
76
106
118
324
398
480
550
0
33
85
119
159
192
208
411
418
558
576
120
168
217
243
262
292
301
335
518
535
570
11
45
56
96
121
230
347
436
456
466
481
20
52
57
122
147
194
212
332
336
379
429
457
522
581
11
24
59
61
123
153
154
179
230
454
515
538
21
26
65
66
67
124
300
448
484
579
5
28
46
125
162
175
237
257
307
406
409
500
17
32
47
84
126
136
157
206
258
266
372
491
8
32
47
127
206
259
260
291
352
450
544
554
1
38
53
80
92
128
15
24
59
82
129
137
141
179
182
205
235
308
544
573
130
158
184
242
268
288
311
442
469
495
508
9
42
49
131
134
156
240
290
317
547
560
580
9
27
50
132
142
395
496
529
541
580
21
49
50
102
133
477
484
574
9
49
50
131
134
477
529
560
580
15
35
55
135
297
17
47
126
136
265
266
349
397
452
491
563
24
82
129
137
205
267
355
468
544
138
158
181
184
270
282
309
469
540
8
78
89
139
161
351
561
569
30
78
89
140
209
220
343
475
535
569
588
15
55
59
129
141
297
308
573
9
57
73
132
142
333
395
496
503
575
580
43
72
111
115
117
143
276
400
462
498
583
41
57
73
144
199
365
470
522
575
145
156
199
278
290
312
366
439
502
44
51
54
146
181
226
227
237
250
263
525
577
20
57
122
147
336
364
365
522
45
79
96
148
284
360
432
439
466
572
12
70
94
149
150
188
234
286
354
375
473
552
58
79
94
149
150
193
234
286
316
504
552
556
30
76
89
151
324
482
550
569
576
18
45
74
152
239
303
312
360
366
439
481
533
24
61
123
153
188
356
454
473
515
548
11
59
108
123
154
479
538
562
13
25
62
155
170
183
255
319
472
537
549
9
73
131
145
156
199
290
493
502
547
560
580
32
84
109
126
157
359
372
468
491
104
130
138
158
184
242
309
442
469
508
540
0
33
85
119
159
0
77
85
160
192
302
558
36
78
139
161
233
351
414
543
561
578
5
46
125
162
307
406
62
163
183
294
338
345
381
472
514
549
553
19
37
62
68
164
171
271
294
298
374
413
449
485
14
40
106
165
299
306
398
4
25
26
63
66
166
172
185
215
300
362
385
448
29
76
95
106
167
480
498
559
120
168
192
196
243
301
302
453
518
558
588
589
169
242
254
275
330
385
408
426
448
565
585
25
62
65
155
170
471
537
549
579
19
62
65
164
171
176
413
471
485
4
26
66
166
172
362
31
59
108
173
297
451
562
573
4
39
66
174
275
362
28
46
125
175
239
261
303
307
437
500
533
19
27
65
67
171
176
413
423
471
485
177
321
329
350
373
377
378
417
7
52
178
212
213
305
376
377
378
416
447
24
59
123
129
179
454
538
544
573
29
40
53
69
113
117
180
306
313
498
532
44
54
138
146
181
184
270
434
469
495
525
564
577
15
32
82
129
182
205
235
291
308
396
544
573
13
62
155
163
183
345
472
537
549
44
130
138
158
181
184
268
442
469
495
25
63
166
185
202
385
403
408
448
585
23
54
72
88
111
116
186
225
250
462
464
564
577
12
60
187
188
356
375
422
12
61
149
153
187
188
286
356
375
473
515
548
3
36
75
97
189
210
224
249
280
285
287
325
358
542
1
35
53
69
92
190
313
31
35
55
92
113
191
297
313
451
532
0
85
87
119
160
168
192
196
302
411
558
61
79
96
150
193
286
506
552
572
20
52
122
194
336
379
75
78
195
233
280
334
367
368
446
582
87
105
168
192
196
216
301
387
411
420
558
589
6
101
197
200
264
289
315
316
328
344
363
504
10
39
102
198
311
330
41
73
144
145
156
199
278
432
502
575
6
41
81
197
200
252
289
315
344
346
504
201
234
318
328
346
386
504
556
25
64
114
185
202
319
403
537
566
585
10
71
110
203
251
268
288
391
204
211
247
272
326
327
389
421
490
513
519
545
32
82
109
129
137
182
205
355
468
544
32
47
126
127
206
440
450
452
491
544
554
207
266
348
357
370
372
390
452
491
548
568
30
33
85
119
208
324
415
418
558
576
30
77
85
140
209
243
302
343
558
588
3
83
91
97
189
210
224
273
274
285
325
407
542
34
83
91
204
211
223
273
314
326
327
407
424
490
526
546
52
122
178
212
304
332
378
379
416
447
457
581
7
52
178
213
378
214
279
339
361
382
405
425
446
510
582
4
63
166
215
362
385
22
87
105
196
216
371
420
120
217
246
255
301
335
402
460
509
518
566
570
31
38
80
88
92
218
462
532
8
76
89
95
219
352
511
559
569
16
78
140
220
238
292
334
343
368
535
588
48
86
90
221
248
272
389
513
545
571
586
86
222
248
336
364
369
522
586
34
91
211
223
314
407
424
3
189
210
224
274
287
339
358
382
407
542
23
88
93
116
186
225
226
244
250
462
464
577
23
51
93
146
225
226
227
250
577
28
51
93
100
146
226
227
237
263
525
577
2
82
109
228
342
355
2
84
109
229
342
359
383
11
61
96
121
123
230
436
466
506
515
538
97
231
236
249
325
348
349
397
410
452
563
14
33
232
324
398
415
36
78
161
195
233
280
446
561
578
582
58
70
94
149
150
201
234
316
318
328
504
552
556
15
82
129
182
235
17
97
231
236
249
349
397
28
51
125
146
227
237
257
263
409
500
525
16
77
220
238
243
292
343
18
46
152
175
239
261
303
312
533
42
49
131
240
251
391
442
495
547
560
13
241
246
279
335
405
445
570
102
104
130
158
169
242
254
311
330
442
508
565
574
77
120
168
209
238
243
292
302
343
518
535
558
588
31
88
93
108
225
244
245
431
462
464
479
562
56
93
100
108
244
245
347
464
476
479
13
217
241
246
255
335
445
460
472
509
570
48
83
204
247
272
326
348
357
410
465
501
545
86
90
221
222
248
369
522
586
36
97
189
231
236
249
265
325
397
542
563
23
54
146
186
225
226
250
577
42
71
203
240
251
268
288
391
404
442
495
500
41
81
200
252
346
365
386
470
504
253
380
384
393
394
419
489
521
539
589
104
169
242
254
353
426
435
508
565
13
64
155
217
246
255
319
402
460
472
537
566
256
332
333
374
395
416
423
496
581
5
51
125
237
257
263
406
409
17
84
126
258
266
372
491
8
47
127
259
351
414
450
543
587
95
98
127
260
291
352
396
450
512
554
555
42
46
175
239
261
303
307
312
317
437
500
533
120
262
279
292
335
361
368
446
535
570
44
51
146
227
237
257
263
340
409
500
525
6
58
197
264
289
316
328
346
504
36
47
136
249
265
397
414
452
543
563
17
126
136
207
258
266
348
349
372
452
491
24
60
137
267
342
355
356
383
422
468
548
44
71
130
184
203
251
268
288
340
404
442
495
269
282
309
337
380
419
492
521
540
43
54
111
138
181
270
282
461
469
540
564
37
68
164
271
374
376
377
417
447
449
48
204
221
247
272
389
490
513
545
83
91
210
211
273
407
526
542
3
91
210
224
274
407
39
66
107
169
174
275
330
362
385
448
565
53
72
80
117
143
276
462
498
532
277
337
380
393
398
400
489
492
550
41
101
145
199
278
283
284
344
360
366
432
502
214
241
262
279
335
361
405
446
510
570
36
75
189
195
233
280
358
542
582
20
81
281
364
365
386
43
138
269
270
282
309
337
461
492
540
18
101
278
283
284
360
366
79
101
148
278
283
284
344
360
363
366
432
572
3
97
189
210
285
12
61
94
149
150
188
193
286
473
506
552
3
75
189
224
287
358
10
110
130
203
251
268
288
311
391
442
6
81
197
200
264
289
346
504
131
145
156
290
312
317
439
502
533
547
32
127
182
260
291
396
512
544
554
573
16
120
220
238
243
262
292
343
368
518
535
5
71
293
340
404
406
409
37
62
163
164
294
381
449
485
549
553
295
353
371
384
392
419
426
516
585
296
338
373
381
401
412
424
519
15
31
35
55
59
135
141
173
191
297
451
573
19
68
164
298
374
413
40
106
115
117
165
299
306
398
498
25
26
65
66
124
166
300
448
579
105
120
168
196
217
301
402
453
518
566
589
77
85
160
168
192
209
243
302
558
588
28
74
152
175
239
261
303
437
481
533
52
212
304
321
378
379
399
447
457
7
68
178
305
376
377
378
29
40
106
117
165
180
299
306
498
42
46
125
162
175
261
307
404
406
437
500
15
55
129
141
182
308
396
573
104
138
158
269
282
309
419
469
508
540
34
310
321
327
350
373
399
412
421
443
519
10
102
110
130
198
242
288
311
330
442
574
18
145
152
239
261
290
312
317
360
366
439
533
35
53
69
92
113
180
190
191
313
532
211
223
314
382
401
407
424
425
526
546
6
101
197
200
315
344
58
79
150
197
234
264
316
328
363
504
42
131
261
290
312
317
437
533
547
70
90
201
234
318
369
386
470
505
556
25
64
155
202
255
319
537
566
22
63
114
320
392
403
408
177
304
310
321
350
373
377
378
399
417
443
447
457
322
359
372
383
390
422
468
491
548
323
341
354
370
375
390
473
548
584
14
30
33
76
118
151
208
232
324
398
415
482
550
576
83
97
189
210
231
249
325
410
542
563
83
204
211
247
326
465
490
526
545
34
204
211
310
327
412
421
424
490
519
526
546
58
197
201
234
264
316
328
346
504
7
177
329
377
378
39
102
107
169
198
242
275
311
330
565
574
331
338
345
401
405
425
445
514
546
57
122
212
256
332
333
416
429
581
57
142
256
332
333
395
429
496
503
581
16
78
195
220
334
367
368
446
535
582
120
217
241
246
262
279
335
518
570
20
86
122
147
194
222
336
364
379
429
457
522
586
43
269
277
282
337
380
400
492
521
540
583
163
296
331
338
345
381
401
514
519
546
553
75
214
224
339
358
361
367
382
542
582
44
71
263
268
293
340
404
406
409
495
500
48
99
323
341
354
357
370
486
568
571
584
2
60
109
228
229
267
342
355
383
77
140
209
220
238
243
292
343
535
588
41
101
197
200
278
284
315
344
363
432
504
13
163
183
331
338
345
405
445
472
514
81
200
201
252
264
289
328
346
386
504
11
56
108
121
245
347
456
476
479
207
231
247
266
348
349
357
410
452
501
563
568
17
136
231
236
266
348
349
397
452
563
34
177
310
321
350
373
412
8
139
161
259
351
414
543
561
587
8
95
127
219
260
352
450
511
512
555
559
104
254
295
353
419
426
435
478
508
516
585
70
99
149
323
341
354
375
473
505
552
584
82
109
137
205
228
267
342
355
383
468
24
60
153
187
188
267
356
375
422
468
473
548
48
207
247
341
348
357
370
486
501
545
568
571
75
189
224
280
287
339
358
542
582
84
109
157
229
322
359
372
383
468
18
45
148
152
278
283
284
312
360
366
432
439
502
214
262
279
339
361
367
368
446
582
4
66
166
172
174
215
275
362
385
448
79
101
197
284
316
344
363
432
504
20
147
222
281
336
364
365
369
386
522
20
41
57
81
144
147
252
281
364
365
386
470
522
18
145
152
278
283
284
312
360
366
439
502
16
75
195
334
339
361
367
368
582
16
195
220
262
292
334
361
367
368
446
535
582
90
222
248
318
364
369
386
470
522
531
586
207
323
341
357
370
390
548
568
584
22
105
114
216
295
371
384
387
392
420
516
566
589
84
126
157
207
258
266
322
359
372
390
468
491
37
177
296
310
321
350
373
381
412
417
443
447
519
553
68
164
256
271
298
374
376
413
416
423
447
449
581
12
149
187
188
323
354
356
375
390
422
473
548
68
178
271
305
374
376
377
416
447
7
68
177
178
271
305
321
329
376
377
378
417
447
7
52
177
178
212
213
304
305
321
329
377
378
447
52
86
122
194
212
304
336
379
399
429
447
457
253
269
277
337
380
393
419
489
492
521
37
163
294
296
338
373
381
443
514
519
553
214
224
314
339
382
407
425
510
526
542
582
60
109
229
267
322
342
355
359
383
422
468
253
295
371
384
387
394
419
516
521
539
589
63
166
169
185
215
275
362
385
408
448
585
81
201
252
281
318
346
364
365
369
386
470
504
522
556
196
371
384
387
394
411
418
420
453
558
589
388
393
394
398
415
418
489
550
576
86
204
221
272
389
399
421
443
457
513
586
207
322
323
370
372
375
390
422
491
548
568
49
110
203
240
251
288
391
442
495
22
114
295
320
371
392
403
408
426
516
585
253
277
380
388
393
394
398
489
550
253
384
387
388
393
394
418
453
489
576
589
27
132
142
256
333
395
423
496
541
580
55
98
182
260
291
308
396
512
573
17
136
231
236
249
265
349
397
452
563
14
106
115
118
165
232
277
299
324
388
393
398
400
415
480
550
86
304
310
321
379
389
399
421
443
457
43
115
143
277
337
398
400
480
492
550
583
296
314
331
338
401
424
425
519
526
546
64
105
217
255
301
402
518
566
589
63
114
185
202
320
392
403
408
585
42
71
251
268
293
307
340
404
406
495
500
13
214
241
279
331
345
405
425
445
510
546
570
5
125
162
257
293
307
340
404
406
409
500
91
210
211
223
224
273
274
314
382
407
526
542
63
169
185
320
385
392
403
408
426
585
5
125
237
257
263
293
340
406
409
500
83
231
247
325
348
410
465
501
563
87
119
192
196
387
411
418
420
558
589
34
296
310
327
350
373
412
424
519
19
164
171
176
298
374
413
423
449
485
36
47
161
259
265
351
414
543
33
208
232
324
388
398
415
418
550
576
178
212
256
332
374
376
416
447
581
37
177
271
321
373
377
417
443
447
553
33
119
208
387
388
394
411
415
418
453
558
576
104
253
269
295
309
353
380
384
419
478
516
521
540
87
105
196
216
371
387
411
420
589
204
310
327
389
399
421
443
490
513
519
60
187
267
322
356
375
383
390
422
468
548
27
176
256
374
395
413
423
449
485
496
541
581
34
211
223
296
314
327
401
412
424
519
526
546
214
314
331
382
401
405
425
510
526
546
169
254
295
353
392
408
426
435
516
565
585
427
449
463
467
471
472
474
494
496
514
529
541
549
551
553
557
428
436
440
444
450
454
483
497
499
512
527
530
538
554
555
562
567
590
57
86
122
332
333
336
379
429
457
474
496
503
522
531
557
581
586
430
432
436
470
473
474
488
493
497
499
502
505
506
527
531
552
556
571
572
575
584
31
244
431
444
451
461
462
464
479
480
498
528
532
559
562
564
567
583
41
79
148
199
278
284
344
360
363
430
432
439
466
470
488
502
504
556
572
575
433
445
446
463
465
475
509
510
520
523
524
530
543
561
570
578
587
590
181
434
437
444
456
458
461
464
469
476
479
481
487
495
525
564
577
254
353
426
435
448
460
471
477
478
484
508
516
537
551
565
579
585
11
121
230
428
430
436
444
456
466
479
488
497
506
515
527
538
28
42
175
261
303
307
317
434
437
439
481
487
495
500
525
533
547
438
453
460
475
478
482
483
489
492
509
517
521
523
528
536
539
45
145
148
152
290
312
360
366
432
437
439
455
466
481
487
488
493
502
533
547
32
206
428
440
450
452
454
468
486
491
527
530
544
548
554
568
441
442
458
467
469
477
478
487
495
508
534
540
551
560
574
49
110
130
158
184
240
242
251
268
288
311
391
441
442
469
495
508
560
574
310
321
373
381
389
399
417
421
443
447
449
457
490
513
514
519
553
557
581
428
431
434
436
444
455
456
458
461
464
479
483
497
507
528
538
562
567
13
241
246
331
345
405
433
445
460
463
472
509
510
514
520
546
570
78
195
214
233
262
279
334
361
368
433
446
475
509
510
535
561
570
578
582
37
178
212
271
304
321
373
374
376
377
378
379
416
417
443
447
449
457
553
581
21
25
66
107
124
166
169
185
275
300
362
385
435
448
484
565
579
585
37
164
271
294
374
413
423
427
443
447
449
485
496
541
549
553
557
581
8
47
127
206
259
260
352
428
440
450
452
491
530
543
554
555
587
590
29
31
55
98
113
173
191
297
431
451
462
498
512
532
559
562
573
47
136
206
207
231
265
266
348
349
397
440
450
452
465
491
501
530
543
563
568
168
301
387
394
418
438
453
475
482
489
518
539
558
576
588
589
24
59
123
153
179
428
440
454
468
473
512
515
527
538
544
548
554
573
439
444
455
456
458
467
474
481
487
488
493
497
507
534
547
11
56
121
347
434
436
444
455
456
458
464
466
476
479
481
487
488
497
86
122
212
304
321
336
379
389
399
429
443
447
457
513
557
581
586
434
441
444
455
456
458
461
467
469
478
487
507
528
534
536
540
459
474
486
490
494
499
501
513
520
524
530
531
545
557
571
217
246
255
435
438
445
460
463
472
478
509
516
536
537
539
551
566
43
111
270
282
431
434
444
458
461
464
469
492
528
540
564
583
31
38
72
80
88
111
116
143
186
218
225
244
276
431
451
462
464
498
532
564
583
427
433
445
460
463
467
472
483
494
507
509
514
520
523
524
536
551
88
93
186
225
244
245
431
434
444
456
461
462
464
476
479
562
564
577
83
247
326
410
433
452
465
490
501
510
520
526
530
542
543
545
546
563
578
45
96
121
148
230
432
436
439
456
466
481
488
502
506
572
427
441
455
458
463
467
474
477
478
494
507
524
529
534
536
551
24
32
109
137
157
205
267
322
355
356
359
372
383
422
440
454
468
491
544
548
130
138
158
181
184
270
309
434
441
442
458
461
469
487
495
508
525
540
564
41
90
144
252
318
365
369
386
430
432
470
503
504
505
522
531
556
575
27
62
65
67
112
170
171
176
427
435
471
477
484
485
529
537
541
549
551
579
13
155
163
183
246
255
345
427
445
460
463
472
509
514
537
549
551
61
149
153
188
286
323
354
356
375
430
454
473
486
505
506
515
527
548
552
584
427
429
430
455
459
467
474
488
493
494
496
497
499
503
507
524
529
531
534
557
575
580
78
140
433
438
446
453
475
482
509
517
518
523
535
539
561
569
570
587
588
56
93
100
245
347
434
456
464
476
479
481
525
577
49
50
133
134
435
441
467
471
477
478
484
508
529
534
541
551
560
565
574
104
353
419
435
438
441
458
460
467
477
478
492
508
516
521
528
536
539
540
551
11
108
154
244
245
347
431
434
436
444
456
464
476
479
538
562
76
106
115
118
167
398
400
431
480
482
492
498
517
550
559
567
583
28
45
56
74
100
121
152
303
434
437
439
455
456
466
476
481
487
488
525
533
547
30
76
151
324
438
453
475
480
482
489
517
550
569
576
588
428
438
444
463
483
497
507
511
517
523
524
528
536
567
590
21
50
67
112
124
133
435
448
471
477
484
541
551
565
574
579
27
62
65
67
164
171
176
294
413
423
449
471
485
541
549
341
357
440
459
473
486
499
501
527
530
545
548
568
571
584
434
437
439
441
455
456
458
469
481
487
495
525
534
547
560
430
432
436
439
455
456
466
474
481
488
493
497
502
506
527
572
253
277
380
388
393
394
438
453
482
489
492
517
521
539
550
576
589
204
211
272
326
327
421
443
459
465
490
494
510
513
514
519
520
526
545
546
557
32
47
126
136
157
206
207
258
266
322
372
390
440
450
452
468
491
548
568
43
269
277
282
337
380
400
438
461
478
480
489
492
517
521
528
540
550
567
583
73
156
430
439
455
474
488
493
502
503
534
547
575
580
427
459
463
467
474
490
494
499
507
514
520
524
557
42
44
130
181
184
240
251
268
340
391
404
434
437
441
442
469
487
495
500
525
547
560
132
142
256
333
395
423
427
429
449
474
496
503
529
541
557
580
581
428
430
436
444
455
456
474
483
488
497
499
507
524
527
530
590
29
106
115
117
143
167
180
276
299
306
431
451
462
480
498
532
559
583
428
430
459
474
486
494
497
499
505
520
524
527
530
531
571
584
28
42
44
125
175
237
251
261
263
307
340
404
406
409
437
495
500
525
247
348
357
410
452
459
465
486
501
520
530
543
545
563
568
571
41
73
145
156
199
278
290
360
366
430
432
439
466
488
493
502
547
575
57
73
142
333
429
470
474
493
496
503
522
531
575
580
41
79
150
197
200
201
234
252
264
289
316
328
344
346
363
386
432
470
504
556
572
70
90
99
318
354
430
470
473
499
505
531
552
556
571
584
61
96
193
230
286
430
436
466
473
488
506
515
527
552
572
444
455
458
463
467
474
483
494
497
507
524
528
536
104
130
158
242
254
309
353
435
441
442
469
477
478
508
516
540
565
574
217
246
433
438
445
446
460
463
472
475
509
518
523
536
539
566
570
214
279
382
405
425
433
445
446
465
490
510
514
520
526
542
546
570
578
582
8
76
95
219
352
483
511
517
523
555
559
567
569
587
590
55
95
98
260
291
352
396
428
451
454
512
538
544
554
555
559
562
567
573
86
204
221
272
389
421
443
457
459
490
513
519
531
545
557
571
586
163
331
338
345
381
427
443
445
463
472
490
494
510
514
519
520
546
549
553
557
61
123
153
188
230
436
454
473
506
515
527
538
548
114
295
353
371
384
392
419
426
435
460
478
508
516
521
537
539
566
585
589
76
438
475
480
482
483
489
492
511
517
523
528
550
559
567
569
120
168
217
243
292
301
335
402
453
475
509
518
535
539
566
570
588
589
204
296
310
327
338
373
381
401
412
421
424
443
490
513
514
519
546
553
433
445
459
463
465
490
494
499
501
510
514
520
524
530
543
545
546
253
269
337
380
384
419
438
478
489
492
516
521
528
539
540
57
90
122
144
147
222
248
336
364
365
369
386
429
470
503
522
531
575
586
433
438
463
475
483
509
511
517
523
524
536
561
569
587
590
433
459
463
467
474
483
494
497
499
507
520
523
524
530
590
28
44
100
146
181
227
237
263
434
437
469
476
481
487
495
500
525
564
577
83
211
273
314
326
327
382
401
407
424
425
465
490
510
526
542
546
563
578
428
430
436
440
454
473
486
488
497
499
506
515
527
530
538
548
554
584
431
438
444
458
461
478
483
492
507
517
521
528
536
540
567
583
50
132
134
427
467
471
474
477
496
529
534
541
551
560
580
428
433
440
450
452
459
465
486
497
499
501
520
524
527
530
543
554
568
587
590
90
369
429
430
459
470
474
499
503
505
513
522
531
557
571
575
586
29
31
53
80
92
113
117
180
191
218
276
313
431
451
462
498
532
45
74
152
175
239
261
290
303
312
317
437
439
481
533
547
441
455
458
467
474
477
487
493
529
534
547
560
580
78
120
140
220
243
262
292
334
343
368
446
475
518
535
561
570
588
438
458
460
463
467
478
483
507
509
523
528
536
539
551
25
155
170
183
202
255
319
435
460
471
472
516
537
549
551
566
579
585
11
59
108
123
154
179
230
428
436
444
454
479
512
515
527
538
554
562
573
253
384
438
453
460
475
478
489
509
516
518
521
536
539
566
589
104
138
158
269
270
282
309
337
419
441
458
461
469
478
492
508
521
528
540
27
50
112
132
395
423
427
449
471
477
484
485
496
529
541
549
580
36
83
189
210
224
249
273
280
325
339
358
382
407
465
510
526
542
563
578
582
36
47
161
259
265
351
414
433
450
452
465
501
520
530
543
561
563
578
587
24
32
127
129
137
179
182
205
206
291
440
454
468
512
544
554
573
48
204
221
247
272
326
357
459
465
486
490
501
513
520
545
571
211
314
327
331
338
401
405
424
425
445
465
490
510
514
519
520
526
546
42
131
156
240
290
317
437
439
455
481
487
493
495
502
533
534
547
560
580
24
153
188
207
267
322
323
356
370
375
390
422
440
454
468
473
486
491
515
527
548
568
584
62
155
163
170
183
294
427
449
471
472
485
514
537
541
549
551
553
76
115
118
151
277
324
388
393
398
400
415
480
482
489
492
517
550
576
427
435
441
460
463
467
471
472
477
478
484
529
536
537
549
551
579
70
79
149
150
193
234
286
354
430
473
505
506
552
556
572
584
37
163
294
338
373
381
417
427
443
447
449
514
519
549
553
557
127
206
260
291
428
440
450
454
512
527
530
538
544
554
555
573
8
260
352
428
450
511
512
554
555
559
562
567
587
590
70
79
150
201
234
318
386
430
432
470
504
505
552
556
572
427
429
443
449
457
459
474
490
494
496
513
514
531
553
557
581
586
30
85
119
160
168
192
196
208
209
243
302
387
411
418
453
558
576
588
589
29
76
95
98
167
219
352
431
451
480
498
511
512
517
555
559
562
567
49
131
134
156
240
441
442
477
487
495
529
534
547
560
574
580
8
78
139
161
233
351
433
446
475
523
535
543
561
569
578
587
31
59
108
154
173
244
428
431
444
451
464
479
512
538
555
559
562
567
573
36
47
83
136
231
249
265
325
348
349
397
410
452
465
501
526
542
543
563
578
54
72
111
181
186
270
431
434
461
462
464
469
525
564
577
583
21
102
107
169
242
254
275
330
426
435
448
477
484
508
565
574
585
64
105
114
202
217
255
301
319
371
402
460
509
516
518
537
539
566
585
589
428
431
444
480
483
492
511
512
517
528
555
559
562
567
583
590
207
341
348
357
370
390
440
452
486
491
501
530
548
568
584
8
30
76
78
89
139
140
151
219
475
482
511
517
523
561
569
587
588
120
217
241
246
262
279
335
405
433
445
446
475
509
510
518
535
570
48
90
99
221
341
357
430
459
486
499
501
505
513
531
545
571
584
586
79
96
148
193
284
430
432
466
488
504
506
552
556
572
55
59
98
129
141
173
179
182
291
297
308
396
451
454
512
538
544
554
562
573
21
49
102
107
110
133
242
311
330
441
442
477
484
508
560
565
574
41
57
73
142
144
199
430
432
470
474
493
502
503
522
531
575
30
119
151
208
324
388
394
415
418
453
482
489
550
558
576
588
54
93
100
146
181
186
225
226
227
250
434
464
476
525
564
577
36
161
233
433
446
465
510
526
542
543
561
563
578
582
25
65
67
124
170
300
435
448
471
484
537
551
579
585
9
50
73
131
132
134
142
156
395
474
493
496
503
529
534
541
547
560
580
122
212
256
332
333
374
416
423
429
443
447
449
457
496
557
581
36
75
195
214
233
280
334
339
358
361
367
368
382
446
510
542
578
582
43
72
111
115
143
337
400
431
461
462
480
492
498
528
564
567
583
70
99
323
341
354
370
430
473
486
499
505
527
548
552
568
571
584
25
114
169
185
202
295
353
385
392
403
408
426
435
448
516
537
565
566
579
585
86
90
221
222
248
336
369
389
429
457
513
522
531
557
571
586
8
259
351
433
450
475
511
523
530
543
555
561
569
587
590
30
140
168
209
220
243
302
343
453
475
482
518
535
558
569
576
588
105
114
168
196
253
301
371
384
387
394
402
411
420
453
489
516
518
539
558
566
589
428
433
450
483
497
511
523
524
530
555
567
587
590
