0
6
12
17
24
31
38
44
51
65
74
81
92
99
109
116
125
132
140
147
156
164
177
184
190
202
215
224
235
247
260
273
287
300
309
317
326
339
349
357
365
373
386
398
408
418
430
437
450
460
473
487
494
503
516
525
540
550
563
570
583
590
601
613
621
629
644
658
672
680
687
698
705
715
727
736
745
761
769
783
796
807
815
824
836
844
857
869
875
885
895
909
916
929
939
946
957
968
976
986
995
1006
1014
1028
1033
1043
1055
1068
1078
1090
1104
1114
1125
1133
1142
1155
1166
1175
1186
1194
1205
1216
1227
1241
1253
1263
1275
1287
1299
1305
1319
1330
1342
1352
1360
1369
1374
1385
1394
1403
1411
1422
1430
1441
1452
1461
1470
1482
1490
1500
1512
1524
1533
1545
1555
1563
1574
1586
1595
1606
1611
1618
1628
1634
1645
1658
1665
1678
1686
1698
1709
1718
1727
1733
1741
1747
1758
1768
1776
1787
1796
1807
1820
1832
1841
1851
1861
1874
1881
1893
1907
1914
1924
1935
1944
1950
1960
1972
1984
1990
2000
2011
2019
2029
2037
2049
2059
2070
2081
2091
2101
2114
2129
2141
2146
2156
2162
2169
2181
2189
2198
2209
2220
2228
2235
2246
2258
2267
2278
2284
2291
2302
2313
2319
2329
2342
2347
2354
2365
2372
2381
2391
2399
2412
2425
2437
2447
2458
2470
2478
2489
2497
2509
2518
2528
2537
2549
2558
2566
2573
2582
2593
2605
2615
2626
2635
2645
2656
2667
2679
2688
2699
2709
2718
2726
2732
2743
2752
2761
2773
2783
2792
2798
2808
2815
2827
2832
2843
2849
2859
2867
2877
2887
2898
2905
2915
2924
2932
2944
2950
2959
2968
2979
2989
2999
3008
3015
3024
3035
3043
3053
3064
3075
3087
3097
3107
3113
3123
3132
3142
3150
3157
3170
3179
3188
3202
3212
3221
3233
3242
3247
3258
3267
3276
3286
3296
3305
3318
3329
3340
3350
3361
3372
3381
3391
3402
3412
3422
3431
3443
3453
3460
3469
3480
3491
3502
3512
3524
3536
3545
3554
3567
3576
3586
3595
3605
3618
3629
3638
3650
3661
3670
3683
3695
3709
3722
3734
3743
3756
3769
3781
3791
3802
3813
3824
3835
3846
3860
3871
3880
3891
3902
3911
3922
3931
3942
3952
3961
3971
3987
3997
4008
4018
4027
4036
4047
4059
4070
4082
4092
4102
4111
4121
4130
4140
4148
4158
4167
4177
4189
4202
4211
4221
4232
4244
4256
4266
4277
4293
4311
4328
4349
4367
4387
4405
4422
4439
4455
4472
4488
4508
4524
4539
4558
4577
4595
4612
4631
4651
4669
4687
4705
4722
4742
4758
4776
4791
4809
4826
4842
4857
4874
4890
4911
4928
4946
4965
4980
4996
5016
5035
5053
5073
5090
5110
5132
5151
5164
5183
5203
5219
5236
5257
5272
5287
5303
5318
5333
5348
5364
5381
5401
5420
5440
5454
5467
5489
5506
5522
5540
5556
5574
5590
5608
5622
5643
5658
5673
5686
5704
5721
5740
5755
5774
5791
5811
5824
5843
5859
5877
5895
5912
5927
5946
5961
5976
5995
6014
6032
6048
6063
6083
6100
6117
6132
6145
6162
6176
6194
6213
6229
6248
6265
6285
6304
6321
6337
6355
6374
6397
6414
6432
6449
6465
6481
6497
6511
6526
6543
6562
6580
6596
6612
6631
6651
6667
6684
6703
6719
6734
6752
6769
6787
6801
6821
6838
6854
6870
6886
6900
6914
6933
6949
6967
6984
7001
7021
7037
7052
7069
7090
7103
